[48309.056979] [Project1] 16342 1588171134.971436320 1588171135.671605633
[48309.757313] [Project1] 16343 1588171135.671912611 1588171136.371941649
[48310.456058] [Project1] 16344 1588171136.372244641 1588171137.070689846
[48311.156995] [Project1] 16345 1588171137.071027921 1588171137.771628589
[48311.856025] [Project1] 16346 1588171137.771852943 1588171138.470661361
[48312.555950] [Project1] 16347 1588171138.470890576 1588171139.170588745
[48313.263505] [Project1] 16348 1588171139.170834533 1588171139.878146498
[48313.963884] [Project1] 16349 1588171139.878369749 1588171140.578528370
[48314.664680] [Project1] 16350 1588171140.578769783 1588171141.279326685
[48315.364910] [Project1] 16351 1588171141.279532454 1588171141.979559182
